NAME=Camille
LOC=18:34
POS=12577.00000333786:7313.800000190735
RACE=HUMAN
HPMAX=1600
HPOINTS=1570
SHMAX=0
SHIELD=0
SPAWN_SHIP=65:47;14d65cc3-4f18-4b98-93f4-9e29d10cc859;Falcon;
MONEY=0
