NAME=Bruh
LOC=12:31
POS=6022.60000038147:5955.39998626709
RACE=HUMAN
HPMAX=1600
HPOINTS=1600
SHMAX=0
SHIELD=0
MONEY=0
