NAME=ST2005
LOC=18:34
POS=13662.200013160706:7393.4000062942505
RACE=CYBORG
HPMAX=1600
HPOINTS=1600
SHMAX=0
SHIELD=0
SPAWN_SHIP=41:53;14d65cc3-4f18-4b98-93f4-9e29d10cc859;Falcon;
MONEY=0
